#  Team Members: Justyn Arnold, George Collias, Sue Min Kwon   
#  % Effort    :  Justyn (33%), George (33%), Sue (33%) 
#
# ECE369A,  
# 

########################################################################################################################
### data
########################################################################################################################
.data
# test input
# asize : dimensions of the frame [i, j] and window [k, l]
#         i: number of rows,  j: number of cols
#         k: number of rows,  l: number of cols  
# frame : frame data with i*j number of pixel values
# window: search window with k*l number of pixel values
#
# $v0 is for row / $v1 is for column

# test 0 For the 4x4 frame size and 2X2 window size
# small size for validation and debugging purpose
# The result should be 0, 2
asize0:  .word    4,  4,  2, 2    #i, j, k, l
frame0:  .word    0,  0,  1,  2, 
         .word    0,  0,  3,  4
         .word    0,  0,  0,  0
         .word    0,  0,  0,  0, 
window0: .word    1,  2, 
         .word    3,  4, 
# test 1 For the 16X16 frame size and 4X4 window size
# The result should be 12, 12
asize1:  .word    16, 16, 4, 4    #i, j, k, l
frame1:  .word    0, 1, 2, 3, 0, 0, 0, 0, 0, 0, 0, 0, 0, 0, 0, 0, 
         .word    1, 2, 3, 4, 4, 5, 6, 7, 8, 9, 10, 11, 12, 13, 14, 15, 
         .word    1, 3, 2000, 1, 2, 3, 12, 14, 16, 18, 20, 22, 24, 26, 28, 30, 
         .word    3, 4, 1, 2, 3, 4, 18, 21, 24, 27, 30, 33, 36, 39, 42, 45, 
         .word    0, 4, 2, 3, 4, 5, 24, 28, 32, 36, 40, 44, 48, 52, 56, 60, 
         .word    0, 5, 3, 4, 5, 6, 30, 35, 40, 45, 50, 55, 60, 65, 70,  75, 
         .word    0, 6, 12, 18, 24, 30, 36, 42, 48, 54, 60, 66, 72, 78, 84, 90, 
         .word    0, 4, 14, 21, 28, 35, 42, 49, 56, 63, 70, 77, 84, 91, 98, 105, 
         .word    0, 8, 16, 24, 32, 40, 48, 56, 64, 72, 80, 88, 96, 104, 112, 120, 
         .word    0, 9, 18, 27, 36, 45, 54, 63, 72, 81, 90, 99, 108, 117, 126, 135, 
         .word    0, 10, 20, 30, 40, 50, 60, 70, 80, 90, 100, 110, 120, 130, 140, 150, 
         .word    0, 11, 22, 33, 44, 55, 66, 77, 88, 99, 110, 121, 132, 143, 154, 165, 
         .word    0, 12, 24, 36, 48, 60, 72, 84, 96, 108, 120, 132, 0, 1, 2, 3, 
         .word    0, 13, 26, 39, 52, 65, 78, 91, 104, 114, 130, 143, 1, 2, 3, 4, 
         .word    0, 14, 28, 42, 56, 70, 84, 98, 112, 126, 140, 154, 2, 3, 4, 5, 
         .word    0, 15, 30, 45, 60, 75, 90, 105, 120, 135, 150, 165, 3, 4, 5, 6 
window1: .word    0, 1, 2, 3, 
         .word    1, 2, 3, 4, 
         .word    2, 3, 4, 5, 
         .word    3, 4, 5, 6 

# test 2 For the 16X16 frame size and a 4X8 window size
# The result should be 0, 4
asize2:  .word    16, 16, 4, 8    #i, j, k, l
frame2:  .word    7, 5, 8, 8, 0, 0, 0, 0, 0, 0, 0, 0, 1, 0, 0, 0, 
         .word    7, 5, 8, 8, 0, 0, 0, 0, 0, 0, 0, 0, 1, 0, 0, 0, 
         .word    7, 5, 8, 8, 0, 0, 0, 0, 0, 0, 0, 0, 1, 0, 0, 0, 
         .word    7, 5, 8, 8, 0, 0, 0, 0, 0, 0, 0, 0, 1, 0, 0, 0, 
         .word    0, 4, 2, 3, 4, 5, 24, 28, 32, 36, 40, 44, 48, 52, 56, 60, 
         .word    0, 5, 3, 4, 5, 6, 30, 35, 40, 45, 0, 0, 0, 0, 70,  75, 
         .word    0, 6, 12, 18, 24, 30, 36, 42, 48, 54, 0, 0, 0, 0, 84, 90, 
         .word    0, 4, 8, 8, 8, 8, 42, 49, 56, 63, 0, 0, 0, 0, 98, 105, 
         .word    0, 1, 8, 8, 8, 8, 48, 56, 64, 72, 0, 0, 0, 0, 112, 120, 
         .word    0, 1, 8, 8, 8, 8, 54, 63, 72, 81, 90, 99, 108, 117, 126, 135, 
         .word    0, 10, 8, 8, 8, 8, 60, 70, 80, 90, 100, 110, 120, 130, 140, 150, 
         .word    0, 11, 22, 33, 44, 55, 66, 77, 88, 99, 110, 121, 132, 143, 154, 165, 
         .word    9, 9, 9, 9, 48, 60, 72, 84, 96, 108, 120, 132, 0, 1, 2, 3, 
         .word    9, 9, 9, 9, 52, 65, 78, 91, 104, 114, 130, 143, 1, 2, 3, 4, 
         .word    9, 9, 9, 9, 56, 70, 84, 98, 112, 126, 140, 154, 2, 3, 4, 5, 
         .word    9, 9, 9, 9, 60, 75, 90, 105, 120, 135, 150, 165, 3, 4, 5, 6 
window2: .word    0, 0, 0, 0, 0, 0, 0, 0, 
         .word    0, 0, 0, 0, 0, 0, 0, 0, 
         .word    0, 0, 0, 0, 0, 0, 0, 0, 
         .word    0, 0, 0, 0, 0, 0, 0, 0

# test 3 For the 16X16 frame size and a 8X4 window size
# The result should be 3, 2
asize3:  .word    16, 16, 8, 4    #i, j, k, l
frame3:  .word    7, 8, 8, 8, 0, 0, 0, 0, 0, 0, 0, 0, 0, 0, 0, 0, 
         .word    7, 8, 8, 8, 4, 5, 6, 7, 8, 9, 10, 11, 12, 13, 14, 15, 
         .word    7, 8, 8, 8, 2, 8, 12, 14, 16, 18, 20, 22, 24, 26, 28, 30, 
         .word    7, 8, 8, 8, 8, 8, 18, 21, 24, 27, 30, 33, 36, 39, 42, 45, 
         .word    0, 4, 8, 8, 8, 8, 24, 28, 32, 36, 40, 44, 48, 52, 56, 60, 
         .word    0, 5, 8, 8, 8, 8, 30, 35, 40, 45, 50, 55, 60, 65, 70,  75, 
         .word    0, 6, 8, 8, 8, 8, 36, 42, 48, 54, 60, 66, 72, 78, 84, 90, 
         .word    0, 4, 8, 8, 8, 8, 42, 49, 56, 63, 70, 77, 84, 91, 98, 105, 
         .word    0, 1, 8, 8, 8, 8, 48, 56, 64, 72, 80, 88, 96, 104, 112, 120, 
         .word    0, 1, 8, 8, 8, 8, 54, 63, 72, 81, 90, 99, 108, 117, 126, 135, 
         .word    0, 10, 8, 8, 8, 8, 60, 70, 80, 90, 100, 110, 120, 130, 140, 150, 
         .word    0, 11, 22, 33, 44, 55, 66, 77, 88, 99, 110, 121, 132, 143, 154, 165, 
         .word    9, 9, 9, 9, 48, 60, 72, 84, 96, 108, 120, 132, 0, 1, 2, 3, 
         .word    9, 9, 9, 9, 52, 65, 78, 91, 104, 114, 130, 143, 1, 2, 3, 4, 
         .word    9, 9, 9, 9, 56, 70, 84, 98, 112, 126, 140, 154, 2, 3, 4, 5, 
         .word    9, 9, 9, 9, 60, 75, 90, 105, 120, 135, 150, 165, 3, 4, 5, 6 
window3: .word    8, 8, 8, 8, 
         .word    8, 8, 8, 8, 
         .word    8, 8, 8, 8, 
         .word    8, 8, 8, 8, 
         .word    8, 8, 8, 8, 
         .word    8, 8, 8, 8, 
         .word    8, 8, 8, 8, 
         .word    8, 8, 8, 8 

# test 4 For the 16X16 frame and a 4X4 window size
# The result should be 1, 1
asize4:  .word    16, 16, 4, 4    #i, j, k, l
frame4:  .word    9, 9, 9, 9, 0, 0, 0, 0, 0, 0, 0, 0, 6, 7, 7, 7, 
         .word    9, 7, 7, 7, 7, 5, 6, 7, 8, 9, 10, 11, 6, 7, 7, 7, 
         .word    9, 7, 7, 7, 7, 3, 12, 14, 16, 18, 20, 6, 6, 7, 7, 7, 
         .word    9, 7, 7, 7, 7, 4, 18, 21, 24, 27, 30, 33, 6, 7, 7, 7, 
         .word    0, 7, 7, 7, 7, 5, 24, 28, 32, 36, 40, 44, 48, 52, 56, 60, 
         .word    0, 5, 3, 4, 5, 6, 30, 35, 40, 45, 50, 55, 60, 65, 70,  75, 
         .word    0, 6, 12, 18, 24, 30, 36, 42, 48, 54, 60, 66, 72, 78, 84, 90, 
         .word    0, 4, 14, 21, 28, 35, 42, 49, 56, 63, 70, 77, 84, 91, 98, 105, 
         .word    0, 8, 16, 24, 32, 40, 48, 56, 64, 72, 80, 88, 96, 104, 112, 120, 
         .word    0, 9, 18, 27, 36, 45, 54, 63, 72, 81, 90, 99, 108, 117, 126, 135, 
         .word    0, 10, 20, 30, 40, 50, 60, 70, 80, 90, 100, 110, 120, 130, 140, 150, 
         .word    0, 11, 22, 33, 44, 55, 66, 77, 88, 99, 110, 121, 132, 143, 154, 165, 
         .word    9, 9, 9, 9, 48, 60, 72, 84, 96, 108, 120, 132, 0, 1, 2, 3, 
         .word    9, 9, 9, 9, 52, 65, 78, 91, 104, 114, 130, 143, 1, 2, 3, 4, 
         .word    9, 9, 9, 9, 56, 70, 84, 98, 112, 126, 140, 154, 2, 3, 4, 5, 
         .word    9, 9, 9, 9, 60, 75, 90, 105, 120, 135, 150, 165, 3, 4, 5, 6 
window4: .word    7, 7, 7, 7, 
         .word    7, 7, 7, 7, 
         .word    7, 7, 7, 7, 
         .word    7, 7, 7, 7 

# test 5 For the 32X32 frame and a 8X16 window size
# The result should be 16, 0
asize5:  .word    32, 32, 8, 16    #i, j, k, l
frame5:  .word    1, 2, 3, 4, 5, 6, 7, 8, 1, 2, 3, 4, 5, 6, 7, 8, 1, 2, 3, 4, 5, 6, 7, 8, 1, 2, 3, 4, 5, 6, 7, 8, 
         .word    1, 2, 3, 4, 5, 6, 7, 8, 1, 2, 3, 4, 5, 6, 7, 8, 1, 2, 3, 4, 5, 6, 7, 8, 1, 2, 3, 4, 5, 6, 7, 8, 
         .word    1, 2, 3, 4, 5, 6, 7, 8, 1, 2, 3, 4, 5, 6, 7, 8, 1, 2, 3, 4, 5, 6, 7, 8, 1, 2, 3, 4, 5, 6, 7, 8, 
         .word    1, 2, 3, 4, 5, 6, 7, 8, 1, 2, 3, 4, 5, 6, 7, 8, 1, 2, 3, 4, 5, 6, 7, 8, 1, 2, 3, 4, 5, 6, 7, 8, 
         .word    1, 2, 3, 4, 5, 6, 7, 8, 1, 2, 3, 4, 5, 6, 7, 8, 1, 2, 3, 4, 5, 6, 7, 8, 1, 2, 3, 4, 5, 6, 7, 8, 
         .word    1, 2, 3, 4, 5, 6, 7, 8, 1, 2, 3, 4, 5, 6, 7, 8, 1, 2, 3, 4, 5, 6, 7, 8, 1, 2, 3, 4, 5, 6, 7, 8, 
         .word    1, 2, 3, 4, 5, 6, 7, 8, 1, 2, 3, 4, 5, 6, 7, 8, 1, 2, 3, 4, 5, 6, 7, 8, 1, 2, 3, 4, 5, 6, 7, 8, 
         .word    1, 2, 3, 4, 5, 6, 7, 8, 1, 2, 3, 4, 5, 6, 7, 8, 1, 2, 3, 4, 5, 6, 7, 8, 1, 2, 3, 4, 5, 6, 7, 8, 
         .word    1, 2, 3, 4, 5, 6, 7, 8, 1, 2, 3, 4, 5, 6, 7, 8, 1, 2, 3, 4, 5, 6, 7, 8, 1, 2, 3, 4, 5, 6, 7, 8, 
         .word    1, 2, 3, 4, 5, 6, 7, 8, 1, 2, 3, 4, 5, 6, 7, 8, 1, 2, 3, 4, 5, 6, 7, 8, 1, 2, 3, 4, 5, 6, 7, 8, 
         .word    1, 2, 3, 4, 5, 6, 7, 8, 1, 2, 3, 4, 5, 6, 7, 8, 1, 2, 3, 4, 5, 6, 7, 8, 1, 2, 3, 4, 5, 6, 7, 8, 
         .word    1, 2, 3, 4, 5, 6, 7, 8, 1, 2, 3, 4, 5, 6, 7, 8, 1, 2, 3, 4, 5, 6, 7, 8, 1, 2, 3, 4, 5, 6, 7, 8, 
         .word    1, 2, 3, 4, 5, 6, 7, 8, 1, 2, 3, 4, 5, 6, 7, 8, 1, 2, 3, 4, 5, 6, 7, 8, 1, 2, 3, 4, 5, 6, 7, 8, 
         .word    1, 2, 3, 4, 5, 6, 7, 8, 1, 2, 3, 4, 5, 6, 7, 8, 1, 2, 3, 4, 5, 6, 7, 8, 1, 2, 3, 4, 5, 6, 7, 8, 
         .word    1, 2, 3, 4, 5, 6, 7, 8, 1, 2, 3, 4, 5, 6, 7, 8, 1, 2, 3, 4, 5, 6, 7, 8, 1, 2, 3, 4, 5, 6, 7, 8, 
         .word    1, 2, 3, 4, 5, 6, 7, 8, 1, 2, 3, 4, 5, 6, 7, 8, 1, 2, 3, 4, 5, 6, 7, 8, 1, 2, 3, 4, 5, 6, 7, 8, 
         .word    1, 1, 1, 1, 1, 1, 1, 1, 1, 1, 1, 1, 1, 1, 1, 1, 2, 2, 3, 4, 5, 6, 7, 8, 1, 2, 3, 4, 5, 6, 7, 8, 
         .word    1, 1, 1, 1, 1, 1, 1, 1, 1, 1, 1, 1, 1, 1, 1, 1, 2, 2, 3, 4, 5, 6, 7, 8, 1, 2, 3, 4, 5, 6, 7, 8, 
         .word    1, 1, 1, 1, 1, 1, 1, 1, 1, 1, 1, 1, 1, 1, 1, 1, 2, 2, 3, 4, 5, 6, 7, 8, 1, 2, 3, 4, 5, 6, 7, 8, 
         .word    1, 1, 1, 1, 1, 1, 1, 1, 1, 1, 1, 1, 1, 1, 1, 1, 2, 2, 3, 4, 5, 6, 7, 8, 1, 2, 3, 4, 5, 6, 7, 8, 
         .word    1, 1, 1, 1, 1, 1, 1, 1, 1, 1, 1, 1, 1, 1, 1, 1, 2, 2, 3, 4, 5, 6, 7, 8, 1, 2, 3, 4, 5, 6, 7, 8, 
         .word    1, 1, 1, 1, 1, 1, 1, 1, 1, 1, 1, 1, 1, 1, 1, 1, 2, 2, 3, 4, 5, 6, 7, 8, 1, 2, 3, 4, 5, 6, 7, 8, 
         .word    1, 1, 1, 1, 1, 1, 1, 1, 1, 1, 1, 1, 1, 1, 1, 1, 2, 2, 3, 4, 5, 6, 7, 8, 1, 2, 3, 4, 5, 6, 7, 8, 
         .word    1, 1, 1, 1, 1, 1, 1, 1, 1, 1, 1, 1, 1, 1, 1, 1, 2, 2, 3, 4, 5, 6, 7, 8, 1, 2, 3, 4, 5, 6, 7, 8, 
         .word    1, 1, 1, 1, 1, 10, 1, 1, 1, 1, 1, 1, 1, 1, 1, 1, 2, 2, 3, 4, 5, 6, 7, 8, 1, 2, 3, 4, 5, 6, 7, 8, 
         .word    1, 1, 1, 1, 1, 10, 1, 1, 1, 1, 1, 1, 1, 1, 1, 1, 2, 2, 3, 4, 5, 6, 7, 8, 1, 2, 3, 4, 5, 6, 7, 8, 
         .word    1, 1, 1, 1, 1, 10, 1, 1, 1, 1, 1, 1, 1, 1, 1, 1, 2, 2, 3, 4, 5, 6, 7, 8, 1, 2, 3, 4, 5, 6, 7, 8, 
         .word    1, 1, 1, 1, 1, 10, 1, 1, 1, 1, 1, 1, 1, 1, 1, 1, 2, 2, 3, 4, 5, 6, 7, 8, 1, 2, 3, 4, 5, 6, 7, 8, 
         .word    1, 1, 1, 1, 1, 10, 1, 1, 1, 1, 1, 1, 1, 1, 1, 1, 2, 2, 3, 4, 5, 6, 7, 8, 1, 2, 3, 4, 5, 6, 7, 8, 
         .word    1, 1, 1, 1, 1, 10, 1, 1, 1, 1, 1, 1, 1, 1, 1, 1, 2, 2, 3, 4, 5, 6, 7, 8, 1, 2, 3, 4, 5, 6, 7, 8, 
         .word    1, 1, 1, 1, 1, 10, 1, 1, 1, 1, 1, 1, 1, 1, 1, 1, 2, 2, 3, 4, 5, 6, 7, 8, 1, 2, 3, 4, 5, 6, 7, 8, 
         .word    1, 1, 1, 1, 1, 10, 1, 1, 1, 1, 1, 1, 1, 1, 1, 1, 2, 2, 3, 4, 5, 6, 7, 8, 1, 2, 3, 4, 5, 6, 7, 8
         
window5: .word    1, 1, 1, 1, 1, 1, 1, 1, 1, 1, 1, 1, 1, 1, 1, 1, 
         .word    1, 1, 1, 1, 1, 1, 1, 1, 1, 1, 1, 1, 1, 1, 1, 1, 
         .word    1, 1, 1, 1, 1, 1, 1, 1, 1, 1, 1, 1, 1, 1, 1, 1, 
         .word    1, 1, 1, 1, 1, 1, 1, 1, 1, 1, 1, 1, 1, 1, 1, 1, 
         .word    1, 1, 1, 1, 1, 1, 1, 1, 1, 1, 1, 1, 1, 1, 1, 1, 
         .word    1, 1, 1, 1, 1, 1, 1, 1, 1, 1, 1, 1, 1, 1, 1, 1, 
         .word    1, 1, 1, 1, 1, 1, 1, 1, 1, 1, 1, 1, 1, 1, 1, 1, 
         .word    1, 1, 1, 1, 1, 1, 1, 1, 1, 1, 1, 1, 1, 1, 1, 1, 
         
      
      
# test 6 For the 32X32 frame and a 4X4 window size
# The result should be 20, 7
asize6:  .word    32, 32, 4, 4    #i, j, k, l
frame6:  .word    1, 2, 3, 4, 5, 6, 7, 8, 1, 2, 3, 4, 5, 6, 7, 8, 1, 2, 3, 4, 5, 6, 7, 8, 1, 2, 3, 4, 5, 6, 7, 8, 
         .word    1, 2, 3, 4, 5, 6, 7, 8, 1, 2, 3, 4, 5, 6, 7, 8, 1, 2, 3, 4, 5, 6, 7, 8, 1, 2, 3, 4, 5, 6, 7, 8, 
         .word    1, 2, 3, 4, 5, 6, 7, 8, 1, 2, 3, 4, 5, 6, 7, 8, 1, 2, 3, 4, 5, 6, 7, 8, 1, 2, 3, 4, 5, 6, 7, 8, 
         .word    1, 2, 3, 4, 5, 6, 7, 8, 1, 2, 3, 4, 5, 6, 7, 8, 1, 2, 3, 4, 5, 6, 7, 8, 1, 2, 3, 4, 5, 6, 7, 8, 
         .word    1, 2, 3, 4, 5, 6, 7, 8, 1, 2, 3, 4, 5, 6, 7, 8, 1, 2, 3, 4, 5, 6, 7, 8, 1, 2, 3, 4, 5, 6, 7, 8, 
         .word    1, 2, 3, 4, 5, 6, 7, 8, 1, 2, 3, 4, 5, 6, 7, 8, 1, 2, 3, 4, 5, 6, 7, 8, 1, 2, 3, 4, 5, 6, 7, 8, 
         .word    1, 2, 3, 4, 5, 6, 7, 8, 1, 2, 3, 4, 5, 6, 7, 8, 1, 2, 3, 4, 5, 6, 7, 8, 1, 2, 3, 4, 5, 6, 7, 8, 
         .word    1, 2, 3, 4, 5, 6, 7, 8, 1, 2, 3, 4, 5, 6, 7, 8, 1, 2, 3, 4, 5, 6, 7, 8, 1, 2, 3, 4, 5, 6, 7, 8, 
         .word    1, 2, 3, 4, 5, 6, 7, 8, 1, 2, 3, 4, 5, 6, 7, 8, 1, 2, 3, 4, 5, 6, 7, 8, 1, 2, 3, 4, 5, 6, 7, 8, 
         .word    1, 2, 3, 4, 5, 6, 7, 8, 1, 2, 3, 4, 5, 6, 7, 8, 1, 2, 3, 4, 5, 6, 7, 8, 1, 2, 3, 4, 5, 6, 7, 8, 
         .word    1, 2, 3, 4, 5, 6, 7, 8, 1, 2, 3, 4, 5, 6, 7, 8, 1, 2, 3, 4, 5, 6, 7, 8, 1, 2, 3, 4, 5, 6, 7, 8, 
         .word    1, 2, 3, 4, 5, 6, 7, 8, 1, 2, 3, 4, 5, 6, 7, 8, 1, 2, 3, 4, 5, 6, 7, 8, 1, 2, 3, 4, 5, 6, 7, 8, 
         .word    1, 2, 3, 4, 5, 6, 7, 8, 1, 2, 3, 4, 5, 6, 7, 8, 1, 2, 3, 4, 5, 6, 7, 8, 1, 2, 3, 4, 5, 6, 7, 8, 
         .word    1, 2, 3, 4, 5, 6, 7, 8, 1, 2, 3, 4, 5, 6, 7, 8, 1, 2, 3, 4, 5, 6, 7, 8, 1, 2, 3, 4, 5, 6, 7, 8, 
         .word    1, 2, 3, 4, 5, 6, 7, 8, 1, 2, 3, 4, 5, 6, 7, 8, 1, 2, 3, 4, 5, 6, 7, 8, 1, 2, 3, 4, 5, 6, 7, 8, 
         .word    1, 2, 3, 4, 5, 6, 7, 8, 1, 2, 3, 4, 5, 6, 7, 8, 1, 2, 3, 4, 5, 6, 7, 8, 1, 2, 3, 4, 5, 6, 7, 8, 
         .word    1, 1, 1, 1, 1, 1, 1, 1, 1, 1, 1, 1, 1, 1, 1, 1, 2, 2, 3, 4, 5, 6, 7, 8, 1, 2, 3, 4, 5, 6, 7, 8, 
         .word    1, 1, 1, 1, 1, 1, 1, 1, 1, 1, 1, 1, 1, 1, 1, 1, 2, 2, 3, 4, 5, 6, 7, 8, 1, 2, 3, 4, 5, 6, 7, 8, 
         .word    1, 1, 1, 1, 1, 1, 1, 1, 1, 1, 1, 1, 1, 1, 1, 1, 2, 2, 3, 4, 5, 6, 7, 8, 1, 2, 3, 4, 5, 6, 7, 8, 
         .word    1, 1, 1, 1, 1, 1, 1, 1, 1, 1, 1, 1, 1, 1, 1, 1, 2, 2, 3, 4, 5, 6, 7, 8, 1, 2, 3, 4, 5, 6, 7, 8, 
         .word    1, 1, 1, 1, 1, 1, 1, 9, 9, 9, 9, 1, 1, 1, 1, 1, 2, 2, 3, 4, 5, 6, 7, 8, 1, 2, 3, 4, 5, 6, 7, 8, 
         .word    1, 1, 1, 1, 1, 1, 1, 9, 9, 9, 9, 1, 1, 1, 1, 1, 2, 2, 3, 4, 5, 6, 7, 8, 1, 2, 3, 4, 5, 6, 7, 8, 
         .word    1, 1, 1, 1, 1, 1, 1, 9, 9, 9, 9, 1, 1, 1, 1, 1, 2, 2, 3, 4, 5, 6, 7, 8, 1, 2, 3, 4, 5, 6, 7, 8, 
         .word    1, 1, 1, 1, 1, 1, 1, 9, 9, 9, 9, 1, 1, 1, 1, 1, 2, 2, 3, 4, 5, 6, 7, 8, 1, 2, 3, 4, 5, 6, 7, 8, 
         .word    1, 1, 1, 1, 1, 10, 1, 1, 1, 1, 1, 1, 1, 1, 1, 1, 2, 2, 3, 4, 5, 6, 7, 8, 1, 2, 3, 4, 5, 6, 7, 8, 
         .word    1, 1, 1, 1, 1, 10, 1, 1, 1, 1, 1, 1, 1, 1, 1, 1, 2, 2, 3, 4, 5, 6, 7, 8, 1, 2, 3, 4, 5, 6, 7, 8, 
         .word    1, 1, 1, 1, 1, 10, 1, 1, 1, 1, 1, 1, 1, 1, 1, 1, 2, 2, 3, 4, 5, 6, 7, 8, 1, 2, 3, 4, 5, 6, 7, 8, 
         .word    1, 1, 1, 1, 1, 10, 1, 1, 1, 1, 1, 1, 1, 1, 1, 1, 2, 2, 3, 4, 5, 6, 7, 8, 1, 2, 3, 4, 5, 6, 7, 8, 
         .word    1, 1, 1, 1, 1, 10, 1, 1, 1, 1, 1, 1, 1, 1, 1, 1, 2, 2, 3, 4, 5, 6, 7, 8, 1, 2, 3, 4, 5, 6, 7, 8, 
         .word    1, 1, 1, 1, 1, 10, 1, 1, 1, 1, 1, 1, 1, 1, 1, 1, 2, 2, 3, 4, 5, 6, 7, 8, 1, 2, 3, 4, 5, 6, 7, 8, 
         .word    1, 1, 1, 1, 1, 10, 1, 1, 1, 1, 1, 1, 1, 1, 1, 1, 2, 2, 3, 4, 5, 6, 7, 8, 1, 2, 3, 4, 5, 6, 7, 8, 
         .word    1, 1, 1, 1, 1, 10, 1, 1, 1, 1, 1, 1, 1, 1, 1, 1, 2, 2, 3, 4, 5, 6, 7, 8, 1, 2, 3, 4, 5, 6, 7, 8
                  
window6: .word    9, 9, 9, 9, 
         .word    9, 9, 9, 9, 
         .word    9, 9, 9, 9, 
         .word    9, 9, 9, 9

         
# test 7 For the 32X32 frame and a 8X4 window size
# The result should be 20, 8
asize7:  .word    32, 32, 8, 4    #i, j, k, l
frame7:  .word    1, 2, 3, 4, 5, 6, 7, 8, 1, 2, 3, 4, 5, 6, 7, 8, 1, 2, 3, 4, 5, 6, 7, 8, 1, 2, 3, 4, 5, 6, 7, 8, 
         .word    1, 2, 3, 4, 5, 6, 7, 8, 1, 2, 3, 4, 5, 6, 7, 8, 1, 2, 3, 4, 5, 6, 7, 8, 1, 2, 3, 4, 5, 6, 7, 8, 
         .word    1, 2, 3, 4, 5, 6, 7, 8, 1, 2, 3, 4, 5, 6, 7, 8, 1, 2, 3, 4, 5, 6, 7, 8, 1, 2, 3, 4, 5, 6, 7, 8, 
         .word    1, 2, 3, 4, 5, 6, 7, 8, 1, 2, 3, 4, 5, 6, 7, 8, 1, 2, 3, 4, 5, 6, 7, 8, 1, 2, 3, 4, 5, 6, 7, 8, 
         .word    1, 2, 3, 4, 5, 6, 7, 8, 1, 2, 3, 4, 5, 6, 7, 8, 1, 2, 3, 4, 5, 6, 7, 8, 1, 2, 3, 4, 5, 6, 7, 8, 
         .word    1, 2, 3, 4, 5, 6, 7, 8, 1, 2, 3, 4, 5, 6, 7, 8, 1, 2, 3, 4, 5, 6, 7, 8, 1, 2, 3, 4, 5, 6, 7, 8, 
         .word    1, 2, 3, 4, 5, 6, 7, 8, 1, 2, 3, 4, 5, 6, 7, 8, 1, 2, 3, 4, 5, 6, 7, 8, 1, 2, 3, 4, 5, 6, 7, 8, 
         .word    1, 2, 3, 4, 5, 6, 7, 8, 1, 2, 3, 4, 5, 6, 7, 8, 1, 2, 3, 4, 5, 6, 7, 8, 1, 2, 3, 4, 5, 6, 7, 8, 
         .word    1, 2, 3, 4, 5, 6, 7, 8, 1, 2, 3, 4, 5, 6, 7, 8, 1, 2, 3, 4, 5, 6, 7, 8, 1, 2, 3, 4, 5, 6, 7, 8, 
         .word    1, 2, 3, 4, 5, 6, 7, 8, 1, 2, 3, 4, 5, 6, 7, 8, 1, 2, 3, 4, 5, 6, 7, 8, 1, 2, 3, 4, 5, 6, 7, 8, 
         .word    1, 2, 3, 4, 5, 6, 7, 8, 1, 2, 3, 4, 5, 6, 7, 8, 1, 2, 3, 4, 5, 6, 7, 8, 1, 2, 3, 4, 5, 6, 7, 8, 
         .word    1, 2, 3, 4, 5, 6, 7, 8, 1, 2, 3, 4, 5, 6, 7, 8, 1, 2, 3, 4, 5, 6, 7, 8, 1, 2, 3, 4, 5, 6, 7, 8, 
         .word    1, 2, 3, 4, 5, 6, 7, 8, 1, 2, 3, 4, 5, 6, 7, 8, 1, 2, 3, 4, 5, 6, 7, 8, 1, 2, 3, 4, 5, 6, 7, 8, 
         .word    1, 2, 3, 4, 5, 6, 7, 8, 1, 2, 3, 4, 5, 6, 7, 8, 1, 2, 3, 4, 5, 6, 7, 8, 1, 2, 3, 4, 5, 6, 7, 8, 
         .word    1, 2, 3, 4, 5, 6, 7, 8, 1, 2, 3, 4, 5, 6, 7, 8, 1, 2, 3, 4, 5, 6, 7, 8, 1, 2, 3, 4, 5, 6, 7, 8, 
         .word    1, 2, 3, 4, 5, 6, 7, 8, 1, 2, 3, 4, 5, 6, 7, 8, 1, 2, 3, 4, 5, 6, 7, 8, 1, 2, 3, 4, 5, 6, 7, 8, 
         .word    1, 1, 1, 1, 1, 1, 1, 1, 1, 1, 1, 1, 1, 1, 1, 1, 2, 2, 3, 4, 5, 6, 7, 8, 1, 2, 3, 4, 5, 6, 7, 8, 
         .word    1, 1, 1, 1, 1, 1, 1, 1, 1, 1, 1, 1, 1, 1, 1, 1, 2, 2, 3, 4, 5, 6, 7, 8, 1, 2, 3, 4, 5, 6, 7, 8, 
         .word    1, 1, 1, 1, 1, 1, 1, 1, 1, 1, 1, 1, 1, 1, 1, 1, 2, 2, 3, 4, 5, 6, 7, 8, 1, 2, 3, 4, 5, 6, 7, 8, 
         .word    1, 1, 1, 1, 1, 1, 1, 1, 1, 1, 1, 1, 1, 1, 1, 1, 2, 2, 3, 4, 5, 6, 7, 8, 1, 2, 3, 4, 5, 6, 7, 8, 
         .word    1, 1, 1, 1, 1, 1, 1, 1, 9, 9, 9, 9, 1, 1, 1, 1, 1, 2, 2, 3, 4, 5, 6, 7, 8, 1, 2, 3, 4, 5, 6, 7, 
         .word    1, 1, 1, 1, 1, 1, 1, 1, 9, 9, 9, 9, 1, 1, 1, 1, 1, 2, 2, 3, 4, 5, 6, 7, 8, 1, 2, 3, 4, 5, 6, 7, 
         .word    1, 1, 1, 1, 1, 1, 1, 1, 9, 9, 9, 9, 1, 1, 1, 1, 1, 2, 2, 3, 4, 5, 6, 7, 8, 1, 2, 3, 4, 5, 6, 7, 
         .word    1, 1, 1, 1, 1, 1, 1, 1, 9, 9, 9, 9, 1, 1, 1, 1, 1, 2, 2, 3, 4, 5, 6, 7, 8, 1, 2, 3, 4, 5, 6, 7, 
         .word    1, 1, 1, 1, 1, 1, 1, 1, 9, 9, 9, 9, 1, 1, 1, 1, 1, 2, 2, 3, 4, 5, 6, 7, 8, 1, 2, 3, 4, 5, 6, 7, 
         .word    1, 1, 1, 1, 1, 1, 1, 1, 9, 9, 9, 9, 1, 1, 1, 1, 1, 2, 2, 3, 4, 5, 6, 7, 8, 1, 2, 3, 4, 5, 6, 7, 
         .word    1, 1, 1, 1, 1, 1, 1, 1, 9, 9, 9, 9, 1, 1, 1, 1, 1, 2, 2, 3, 4, 5, 6, 7, 8, 1, 2, 3, 4, 5, 6, 7, 
         .word    1, 1, 1, 1, 1, 1, 1, 1, 9, 9, 9, 9, 1, 1, 1, 1, 1, 2, 2, 3, 4, 5, 6, 7, 8, 1, 2, 3, 4, 5, 6, 7, 
         .word    1, 1, 1, 1, 1, 10, 1, 1, 1, 1, 1, 1, 1, 1, 1, 1, 2, 2, 3, 4, 5, 6, 7, 8, 1, 2, 3, 4, 5, 6, 7, 8, 
         .word    1, 1, 1, 1, 1, 10, 1, 1, 1, 1, 1, 1, 1, 1, 1, 1, 2, 2, 3, 4, 5, 6, 7, 8, 1, 2, 3, 4, 5, 6, 7, 8, 
         .word    1, 1, 1, 1, 1, 10, 1, 1, 1, 1, 1, 1, 1, 1, 1, 1, 2, 2, 3, 4, 5, 6, 7, 8, 1, 2, 3, 4, 5, 6, 7, 8, 
         .word    1, 1, 1, 1, 1, 10, 1, 1, 1, 1, 1, 1, 1, 1, 1, 1, 2, 2, 3, 4, 5, 6, 7, 8, 1, 2, 3, 4, 5, 6, 7, 8
         
window7: .word    9, 9, 9, 9, 
         .word    9, 9, 9, 9, 
         .word    9, 9, 9, 9, 
         .word    9, 9, 9, 9, 
         .word    9, 9, 9, 9, 
         .word    9, 9, 9, 9, 
         .word    9, 9, 9, 9, 
         .word    9, 9, 9, 9

# test 8 For the 16X16 frame and a 4X8 window size
# The result should be 12, 0
asize8:  .word    16, 16, 4, 8    #i, j, k, l
frame8:  .word    9, 9, 9, 9, 0, 0, 0, 0, 0, 0, 0, 0, 6, 7, 7, 7, 
         .word    9, 7, 7, 7, 7, 5, 6, 7, 8, 9, 10, 11, 6, 7, 7, 7, 
         .word    9, 7, 7, 7, 7, 3, 12, 14, 16, 18, 20, 6, 6, 7, 7, 7, 
         .word    9, 7, 7, 7, 7, 4, 18, 21, 24, 27, 30, 33, 6, 7, 7, 7, 
         .word    0, 7, 7, 7, 7, 5, 24, 28, 32, 36, 40, 44, 48, 52, 56, 60, 
         .word    0, 5, 3, 4, 5, 6, 30, 35, 40, 45, 50, 55, 60, 65, 70,  75, 
         .word    0, 6, 12, 18, 24, 30, 36, 42, 48, 54, 60, 66, 72, 78, 84, 90, 
         .word    0, 4, 14, 21, 28, 35, 42, 49, 56, 63, 70, 77, 84, 91, 98, 105, 
         .word    0, 8, 16, 24, 32, 40, 48, 56, 64, 72, 80, 88, 96, 104, 112, 120, 
         .word    0, 9, 18, 27, 36, 45, 54, 63, 72, 81, 90, 99, 108, 117, 126, 135, 
         .word    0, 10, 20, 30, 40, 50, 60, 70, 80, 90, 100, 110, 120, 130, 140, 150, 
         .word    0, 11, 22, 33, 44, 55, 66, 77, 88, 99, 110, 121, 132, 143, 154, 165, 
         .word    9, 9, 9, 9, 9, 9, 9, 9, 96, 108, 120, 132, 0, 1, 2, 3, 
         .word    9, 9, 9, 9, 9, 9, 9, 9, 96, 108, 120, 132, 0, 1, 2, 3, 
         .word    9, 9, 9, 9, 9, 9, 9, 9, 96, 108, 120, 132, 0, 1, 2, 3, 
         .word    9, 9, 9, 9, 9, 9, 9, 9, 96, 108, 120, 132, 0, 1, 2, 3
         
window8: .word    9, 9, 9, 9, 9, 9, 9, 9, 
         .word    9, 9, 9, 9, 9, 9, 9, 9, 
         .word    9, 9, 9, 9, 9, 9, 9, 9, 
         .word    9, 9, 9, 9, 9, 9, 9, 9

# test 9 For the 16X16 frame and a 4X4 window size
# The result should be 12, 2
asize9:  .word    16, 16, 4, 4    #i, j, k, l
frame9:  .word    9, 9, 9, 9, 0, 0, 0, 0, 0, 0, 0, 0, 6, 7, 7, 7, 
         .word    9, 7, 7, 7, 7, 5, 6, 7, 8, 9, 10, 11, 6, 7, 7, 7, 
         .word    9, 7, 7, 7, 7, 3, 12, 14, 16, 18, 20, 6, 6, 7, 7, 7, 
         .word    9, 7, 7, 7, 7, 4, 18, 21, 24, 27, 30, 33, 6, 7, 7, 7, 
         .word    0, 7, 7, 7, 7, 5, 24, 28, 32, 36, 40, 44, 48, 52, 56, 60, 
         .word    0, 5, 3, 4, 5, 6, 30, 35, 40, 45, 50, 55, 60, 65, 70,  75, 
         .word    0, 6, 12, 18, 24, 30, 36, 42, 48, 54, 60, 66, 72, 78, 84, 90, 
         .word    0, 4, 14, 21, 28, 35, 42, 49, 56, 63, 70, 77, 84, 91, 98, 105, 
         .word    0, 8, 16, 24, 32, 40, 48, 56, 64, 72, 80, 88, 96, 104, 112, 120, 
         .word    0, 9, 18, 27, 36, 45, 54, 63, 72, 81, 90, 99, 108, 117, 126, 135, 
         .word    0, 10, 20, 30, 40, 50, 60, 70, 80, 90, 100, 110, 120, 130, 140, 150, 
         .word    0, 11, 22, 33, 44, 55, 66, 77, 88, 99, 110, 121, 132, 143, 154, 165, 
         .word    1, 2, 9, 9, 9, 9, 91, 9, 9, 9, 96, 108, 120, 132, 0, 1, 
         .word    1, 2, 9, 9, 9, 9, 91, 9, 9, 9, 96, 108, 120, 132, 0, 1, 
         .word    1, 2, 9, 9, 9, 9, 91, 9, 9, 9, 96, 108, 120, 132, 0, 1, 
         .word    1, 2, 9, 9, 9, 9, 91, 9, 9, 9, 96, 108, 120, 132, 0, 1
         
window9: .word    9, 9, 9, 9, 
         .word    9, 9, 9, 9, 
         .word    9, 9, 9, 9, 
         .word    9, 9, 9, 9
                  
# test 10 For the 16X16 frame and a 8X8 window size
# The result should be 8, 3
asize10: .word    16, 16, 8, 8    #i, j, k, l
frame10: .word    9, 19, 9, 9, 9, 9, 9, 9, 96, 108, 120, 132, 0, 1, 2, 3, 
         .word    9, 91, 9, 9, 9, 9, 9, 9, 96, 108, 120, 132, 0, 1, 2, 3, 
         .word    9, 9, 19, 9, 9, 9, 9, 9, 96, 108, 120, 132, 0, 1, 2, 3, 
         .word    9, 9, 91, 9, 9, 9, 9, 9, 96, 108, 120, 132, 0, 1, 2, 3, 
         .word    91, 9, 9, 9, 9, 9, 9, 9, 96, 108, 120, 132, 0, 1, 2, 3, 
         .word    9, 19, 9, 9, 9, 9, 9, 9, 96, 108, 120, 132, 0, 1, 2, 3, 
         .word    9, 91, 9, 9, 9, 9, 9, 9, 96, 108, 120, 132, 0, 1, 2, 3, 
         .word    1, 2, 3, 9, 9, 19, 9, 9, 9, 9, 9, 96, 108, 120, 132, 0, 
         .word    1, 2, 3, 9, 9, 9, 9, 9, 9, 9, 9, 96, 108, 120, 132, 0, 
         .word    1, 2, 3, 9, 9, 9, 9, 9, 9, 9, 9, 96, 108, 120, 132, 0, 
         .word    1, 2, 3, 9, 9, 9, 9, 9, 9, 9, 9, 96, 108, 120, 132, 0, 
         .word    1, 2, 3, 9, 9, 9, 9, 9, 9, 9, 9, 96, 108, 120, 132, 0, 
         .word    1, 2, 3, 9, 9, 9, 9, 9, 9, 9, 9, 96, 108, 120, 132, 0, 
         .word    1, 2, 3, 9, 9, 9, 9, 9, 9, 9, 9, 96, 108, 120, 132, 0, 
         .word    1, 2, 3, 9, 9, 9, 9, 9, 9, 9, 9, 96, 108, 120, 132, 0, 
         .word    1, 2, 3, 9, 9, 9, 9, 9, 9, 9, 9, 96, 108, 120, 132, 0
                  
window10:   .word    9, 9, 9, 9, 9, 9, 9, 9, 
            .word    9, 9, 9, 9, 9, 9, 9, 9, 
            .word    9, 9, 9, 9, 9, 9, 9, 9, 
            .word    9, 9, 9, 9, 9, 9, 9, 9, 
            .word    9, 9, 9, 9, 9, 9, 9, 9, 
            .word    9, 9, 9, 9, 9, 9, 9, 9, 
            .word    9, 9, 9, 9, 9, 9, 9, 9, 
            .word    9, 9, 9, 9, 9, 9, 9, 9
   

# test 11 For the 32X32 frame and a 16X16 window size
# The result should be 5, 16
asize11: .word    32, 32, 16, 16    #i, j, k, l
frame11: .word    1, 1, 1, 1, 1, 1, 1, 1, 1, 1, 1, 1, 1, 1, 1, 1, 1, 1, 1, 1, 1, 1, 1, 1, 1, 1, 1, 1, 1, 1, 1, 1, 
         .word    1, 1, 1, 1, 1, 1, 1, 1, 1, 1, 1, 1, 1, 1, 1, 1, 1, 1, 1, 1, 1, 1, 1, 1, 1, 1, 1, 1, 1, 1, 1, 1, 
         .word    1, 1, 1, 1, 1, 1, 1, 1, 1, 1, 1, 1, 1, 1, 1, 1, 1, 1, 1, 1, 1, 1, 1, 1, 1, 1, 1, 1, 1, 1, 1, 1, 
         .word    1, 1, 1, 1, 1, 1, 1, 1, 1, 1, 1, 1, 1, 1, 1, 1, 1, 1, 1, 1, 1, 1, 1, 1, 1, 1, 1, 1, 1, 1, 1, 1, 
         .word    1, 1, 1, 1, 1, 1, 1, 1, 1, 1, 1, 1, 1, 1, 1, 1, 1, 1, 1, 1, 1, 1, 1, 1, 1, 1, 1, 1, 1, 1, 1, 1, 
         .word    1, 1, 1, 1, 1, 1, 1, 1, 1, 1, 1, 1, 1, 1, 1, 1, 10, 10, 10, 10, 10, 10, 10, 10, 10, 10, 10, 10, 10, 10, 10, 10, 
         .word    1, 1, 1, 1, 1, 1, 1, 1, 1, 1, 1, 1, 1, 1, 1, 1, 10, 10, 10, 10, 10, 10, 10, 10, 10, 10, 10, 10, 10, 10, 10, 10, 
         .word    1, 1, 1, 1, 1, 1, 1, 1, 1, 1, 1, 1, 1, 1, 1, 1, 10, 10, 10, 10, 10, 10, 10, 10, 10, 10, 10, 10, 10, 10, 10, 10, 
         .word    1, 1, 1, 1, 1, 1, 1, 1, 1, 1, 1, 1, 1, 1, 1, 1, 10, 10, 10, 10, 10, 10, 10, 10, 10, 10, 10, 10, 10, 10, 10, 10, 
         .word    1, 1, 1, 1, 1, 1, 1, 1, 1, 1, 1, 1, 1, 1, 1, 1, 10, 10, 10, 10, 10, 10, 10, 10, 10, 10, 10, 10, 10, 10, 10, 10, 
         .word    1, 1, 1, 1, 1, 1, 1, 1, 1, 1, 1, 1, 1, 1, 1, 1, 10, 10, 10, 10, 10, 10, 10, 10, 10, 10, 10, 10, 10, 10, 10, 10, 
         .word    1, 1, 1, 1, 1, 1, 1, 1, 1, 1, 1, 1, 1, 1, 1, 1, 10, 10, 10, 10, 10, 10, 10, 10, 10, 10, 10, 10, 10, 10, 10, 10, 
         .word    1, 1, 1, 1, 1, 1, 1, 1, 1, 1, 1, 1, 1, 1, 1, 1, 10, 10, 10, 10, 10, 10, 10, 10, 10, 10, 10, 10, 10, 10, 10, 10, 
         .word    1, 1, 1, 1, 1, 1, 1, 1, 1, 1, 1, 1, 1, 1, 1, 1, 10, 10, 10, 10, 10, 10, 10, 10, 10, 10, 10, 10, 10, 10, 10, 10, 
         .word    1, 1, 1, 1, 1, 1, 1, 1, 1, 1, 1, 1, 1, 1, 1, 1, 10, 10, 10, 10, 10, 10, 10, 10, 10, 10, 10, 10, 10, 10, 10, 10, 
         .word    1, 1, 1, 1, 1, 1, 1, 1, 1, 1, 1, 1, 1, 1, 1, 1, 10, 10, 10, 10, 10, 10, 10, 10, 10, 10, 10, 10, 10, 10, 10, 10, 
         .word    1, 1, 1, 1, 1, 1, 1, 1, 1, 1, 1, 1, 1, 1, 1, 1, 10, 10, 10, 10, 10, 10, 10, 10, 10, 10, 10, 10, 10, 10, 10, 10, 
         .word    1, 1, 1, 1, 1, 1, 1, 1, 1, 1, 1, 1, 1, 1, 1, 1, 10, 10, 10, 10, 10, 10, 10, 10, 10, 10, 10, 10, 10, 10, 10, 10, 
         .word    1, 1, 1, 1, 1, 1, 1, 1, 1, 1, 1, 1, 1, 1, 1, 1, 10, 10, 10, 10, 10, 10, 10, 10, 10, 10, 10, 10, 10, 10, 10, 10, 
         .word    1, 1, 1, 1, 1, 1, 1, 1, 1, 1, 1, 1, 1, 1, 1, 1, 10, 10, 10, 10, 10, 10, 10, 10, 10, 10, 10, 10, 10, 10, 10, 10, 
         .word    1, 1, 1, 1, 1, 1, 1, 1, 1, 1, 1, 1, 1, 1, 1, 1, 10, 10, 10, 10, 10, 10, 10, 10, 10, 10, 10, 10, 10, 10, 10, 10, 
         .word    1, 1, 1, 1, 1, 1, 1, 1, 1, 1, 1, 1, 1, 1, 1, 1, 1, 1, 1, 1, 1, 1, 1, 1, 1, 1, 1, 1, 1, 1, 1, 1, 
         .word    1, 1, 1, 1, 1, 1, 1, 1, 1, 1, 1, 1, 1, 1, 1, 1, 1, 1, 1, 1, 1, 1, 1, 1, 1, 1, 1, 1, 1, 1, 1, 1, 
         .word    1, 1, 1, 1, 1, 1, 1, 1, 1, 1, 1, 1, 1, 1, 1, 1, 1, 1, 1, 1, 1, 1, 1, 1, 1, 1, 1, 1, 1, 1, 1, 1, 
         .word    1, 1, 1, 1, 1, 1, 1, 1, 1, 1, 1, 1, 1, 1, 1, 1, 1, 1, 1, 1, 1, 1, 1, 1, 1, 1, 1, 1, 1, 1, 1, 1, 
         .word    1, 1, 1, 1, 1, 1, 1, 1, 1, 1, 1, 1, 1, 1, 1, 1, 1, 1, 1, 1, 1, 1, 1, 1, 1, 1, 1, 1, 1, 1, 1, 1, 
         .word    1, 1, 1, 1, 1, 1, 1, 1, 1, 1, 1, 1, 1, 1, 1, 1, 1, 1, 1, 1, 1, 1, 1, 1, 1, 1, 1, 1, 1, 1, 1, 1, 
         .word    1, 1, 1, 1, 1, 1, 1, 1, 1, 1, 1, 1, 1, 1, 1, 1, 1, 1, 1, 1, 1, 1, 1, 1, 1, 1, 1, 1, 1, 1, 1, 1, 
         .word    1, 1, 1, 1, 1, 1, 1, 1, 1, 1, 1, 1, 1, 1, 1, 1, 1, 1, 1, 1, 1, 1, 1, 1, 1, 1, 1, 1, 1, 1, 1, 1, 
         .word    1, 1, 1, 1, 1, 1, 1, 1, 1, 1, 1, 1, 1, 1, 1, 1, 1, 1, 1, 1, 1, 1, 1, 1, 1, 1, 1, 1, 1, 1, 1, 1, 
         .word    1, 1, 1, 1, 1, 1, 1, 1, 1, 1, 1, 1, 1, 1, 1, 1, 1, 1, 1, 1, 1, 1, 1, 1, 1, 1, 1, 1, 1, 1, 1, 1, 
         .word    1, 1, 1, 1, 1, 1, 1, 1, 1, 1, 1, 1, 1, 1, 1, 1, 1, 1, 1, 1, 1, 1, 1, 1, 1, 1, 1, 1, 1, 1, 1, 1
                  
window11:   .word    10, 10, 10, 10, 10, 10, 10, 10, 10, 10, 10, 10, 10, 10, 10, 10, 
            .word    10, 10, 10, 10, 10, 10, 10, 10, 10, 10, 10, 10, 10, 10, 10, 10, 
            .word    10, 10, 10, 10, 10, 10, 10, 10, 10, 10, 10, 10, 10, 10, 10, 10, 
            .word    10, 10, 10, 10, 10, 10, 10, 10, 10, 10, 10, 10, 10, 10, 10, 10, 
            .word    10, 10, 10, 10, 10, 10, 10, 10, 10, 10, 10, 10, 10, 10, 10, 10, 
            .word    10, 10, 10, 10, 10, 10, 10, 10, 10, 10, 10, 10, 10, 10, 10, 10, 
            .word    10, 10, 10, 10, 10, 10, 10, 10, 10, 10, 10, 10, 10, 10, 10, 10, 
            .word    10, 10, 10, 10, 10, 10, 10, 10, 10, 10, 10, 10, 10, 10, 10, 10, 
            .word    10, 10, 10, 10, 10, 10, 10, 10, 10, 10, 10, 10, 10, 10, 10, 10, 
            .word    10, 10, 10, 10, 10, 10, 10, 10, 10, 10, 10, 10, 10, 10, 10, 10, 
            .word    10, 10, 10, 10, 10, 10, 10, 10, 10, 10, 10, 10, 10, 10, 10, 10, 
            .word    10, 10, 10, 10, 10, 10, 10, 10, 10, 10, 10, 10, 10, 10, 10, 10, 
            .word    10, 10, 10, 10, 10, 10, 10, 10, 10, 10, 10, 10, 10, 10, 10, 10, 
            .word    10, 10, 10, 10, 10, 10, 10, 10, 10, 10, 10, 10, 10, 10, 10, 10, 
            .word    10, 10, 10, 10, 10, 10, 10, 10, 10, 10, 10, 10, 10, 10, 10, 10, 
            .word    10, 10, 10, 10, 10, 10, 10, 10, 10, 10, 10, 10, 10, 10, 10, 10
                  

# test 12 For the 16X16 frame size and 4X4 window size
# The result should be 12, 12 
asize12: .word    16, 16, 4, 4    #i, j, k, l
frame12: .word    0, 1, 2, 3, 0, 0, 0, 0, 0, 0, 0, 0, 0, 0, 0, 0, 
         .word    0, 1, 2, 3, 4, 5, 6, 7, 8, 9, 10, 11, 12, 13, 14, 15, 
         .word    1, 2, 3, 4, 2, 3, 12, 14, 16, 18, 20, 22, 24, 26, 28, 30, 
         .word    2, 3, 4, 5, 3, 4, 18, 21, 24, 27, 30, 33, 36, 39, 42, 45, 
         .word    3, 4, 5, 6, 4, 5, 24, 28, 32, 36, 40, 44, 48, 52, 56, 60, 
         .word    0, 5, 3, 4, 5, 6, 30, 35, 40, 45, 50, 55, 60, 65, 70,  75, 
         .word    0, 6, 12, 18, 24, 30, 36, 42, 48, 54, 60, 66, 72, 78, 84, 90, 
         .word    0, 4, 14, 21, 28, 35, 42, 49, 56, 63, 70, 77, 84, 91, 98, 105, 
         .word    0, 8, 16, 24, 32, 40, 48, 56, 64, 72, 80, 88, 96, 104, 112, 120, 
         .word    0, 9, 18, 27, 36, 45, 54, 63, 72, 81, 90, 99, 108, 117, 126, 135, 
         .word    0, 1, 2, 3, 4, 50, 60, 70, 80, 90, 100, 110, 120, 130, 140, 150, 
         .word    1, 2, 3, 4, 44, 55, 66, 77, 88, 99, 110, 121, 132, 143, 154, 165, 
         .word    2, 3, 4, 5, 48, 60, 72, 84, 96, 108, 120, 132, 0, 1, 2, 3, 
         .word    3, 4, 5, 6, 52, 65, 78, 91, 104, 114, 130, 143, 1, 2, 3, 4, 
         .word    0, 14, 28, 42, 56, 70, 84, 98, 112, 126, 140, 154, 2, 3, 4, 5, 
         .word    0, 15, 30, 45, 60, 75, 90, 105, 120, 135, 150, 165, 3, 4, 5, 6 
window12:   .word    0, 1, 2, 3, 
            .word    1, 2, 3, 4, 
            .word    2, 3, 4, 5, 
            .word    3, 4, 5, 6 
               

# test 13 For the 32X32 frame and a 4X4 window size
# The result should be 17, 16 since its the last of multiple repeating occurrences
asize13: .word    32, 32, 4, 4    #i, j, k, l
frame13: .word    1, 1, 1, 1, 1, 1, 1, 1, 1, 1, 1, 1, 1, 1, 1, 1, 1, 1, 1, 1, 1, 1, 1, 1, 1, 1, 1, 1, 1, 1, 1, 1, 
         .word    1, 1, 1, 1, 1, 1, 1, 1, 1, 1, 1, 1, 1, 1, 1, 1, 1, 1, 1, 1, 1, 1, 1, 1, 1, 1, 1, 1, 1, 1, 1, 1, 
         .word    1, 1, 1, 1, 1, 1, 1, 1, 1, 1, 1, 1, 1, 1, 1, 1, 1, 1, 1, 1, 1, 1, 1, 1, 1, 1, 1, 1, 1, 1, 1, 1, 
         .word    1, 1, 1, 1, 1, 1, 1, 1, 1, 1, 1, 1, 1, 1, 1, 1, 1, 1, 1, 1, 1, 1, 1, 1, 1, 1, 1, 1, 1, 1, 1, 1, 
         .word    1, 1, 1, 1, 1, 1, 1, 1, 1, 1, 1, 1, 1, 1, 1, 1, 1, 1, 1, 1, 1, 1, 1, 1, 1, 1, 1, 1, 1, 1, 1, 1, 
         .word    1, 1, 1, 1, 1, 1, 1, 1, 1, 1, 1, 1, 1, 1, 1, 1, 10, 10, 10, 10, 11, 11, 11, 11, 11, 11, 11, 11, 11, 11, 11, 11, 
         .word    1, 1, 1, 1, 1, 1, 1, 1, 1, 1, 1, 1, 1, 1, 1, 1, 10, 10, 10, 10, 11, 11, 11, 11, 11, 11, 11, 11, 11, 11, 11, 11, 
         .word    1, 1, 1, 1, 1, 1, 1, 1, 1, 1, 1, 1, 1, 1, 1, 1, 10, 10, 10, 10, 11, 11, 11, 11, 11, 11, 11, 11, 11, 11, 11, 11, 
         .word    1, 1, 1, 1, 1, 1, 1, 1, 1, 1, 1, 1, 1, 1, 1, 1, 10, 10, 10, 10, 11, 11, 11, 11, 11, 11, 11, 11, 11, 11, 11, 11, 
         .word    1, 1, 1, 1, 1, 1, 1, 1, 1, 1, 1, 1, 1, 1, 1, 1, 10, 10, 10, 10, 11, 11, 11, 11, 11, 11, 11, 11, 11, 11, 11, 11, 
         .word    1, 1, 1, 1, 1, 1, 1, 1, 1, 1, 1, 1, 1, 1, 1, 1, 10, 10, 10, 10, 11, 11, 11, 11, 11, 11, 11, 11, 11, 11, 11, 11, 
         .word    1, 1, 1, 1, 1, 1, 1, 1, 1, 1, 1, 1, 1, 1, 1, 1, 10, 10, 10, 10, 11, 11, 11, 11, 11, 11, 11, 11, 11, 11, 11, 11, 
         .word    1, 1, 1, 1, 1, 1, 1, 1, 1, 1, 1, 1, 1, 1, 1, 1, 10, 10, 10, 10, 11, 11, 11, 11, 11, 11, 11, 11, 11, 11, 11, 11, 
         .word    1, 1, 1, 1, 1, 1, 1, 1, 1, 1, 1, 1, 1, 1, 1, 1, 10, 10, 10, 10, 11, 11, 11, 11, 11, 11, 11, 11, 11, 11, 11, 11, 
         .word    1, 1, 1, 1, 1, 1, 1, 1, 1, 1, 1, 1, 1, 1, 1, 1, 10, 10, 10, 10, 11, 11, 11, 11, 11, 11, 11, 11, 11, 11, 11, 11, 
         .word    1, 1, 1, 1, 1, 1, 1, 1, 1, 1, 1, 1, 1, 1, 1, 1, 10, 10, 10, 10, 11, 11, 11, 11, 11, 11, 11, 11, 11, 11, 11, 11, 
         .word    1, 1, 1, 1, 1, 1, 1, 1, 1, 1, 1, 1, 1, 1, 1, 1, 10, 10, 10, 10, 11, 11, 11, 11, 11, 11, 11, 11, 11, 11, 11, 11, 
         .word    1, 1, 1, 1, 1, 1, 1, 1, 1, 1, 1, 1, 1, 1, 1, 1, 10, 10, 10, 10, 11, 11, 11, 11, 11, 11, 11, 11, 11, 11, 11, 11, 
         .word    1, 1, 1, 1, 1, 1, 1, 1, 1, 1, 1, 1, 1, 1, 1, 1, 10, 10, 10, 10, 11, 11, 11, 11, 11, 11, 11, 11, 11, 11, 11, 11, 
         .word    1, 1, 1, 1, 1, 1, 1, 1, 1, 1, 1, 1, 1, 1, 1, 1, 10, 10, 10, 10, 10, 10, 10, 10, 10, 10, 10, 10, 10, 10, 10, 10, 
         .word    1, 1, 1, 1, 1, 1, 1, 1, 1, 1, 1, 1, 1, 1, 1, 1, 10, 10, 10, 10, 10, 10, 10, 10, 10, 10, 10, 10, 10, 10, 10, 10, 
         .word    1, 1, 1, 1, 1, 1, 1, 1, 1, 1, 1, 1, 1, 1, 1, 1, 1, 1, 1, 1, 1, 1, 1, 1, 1, 1, 1, 1, 1, 1, 1, 1, 
         .word    1, 1, 1, 1, 1, 1, 1, 1, 1, 1, 1, 1, 1, 1, 1, 1, 1, 1, 1, 1, 1, 1, 1, 1, 1, 1, 1, 1, 1, 1, 1, 1, 
         .word    1, 1, 1, 1, 1, 1, 1, 1, 1, 1, 1, 1, 1, 1, 1, 1, 1, 1, 1, 1, 1, 1, 1, 1, 1, 1, 1, 1, 1, 1, 1, 1, 
         .word    1, 1, 1, 1, 1, 1, 1, 1, 1, 1, 1, 1, 1, 1, 1, 1, 1, 1, 1, 1, 1, 1, 1, 1, 1, 1, 1, 1, 1, 1, 1, 1, 
         .word    1, 1, 1, 1, 1, 1, 1, 1, 1, 1, 1, 1, 1, 1, 1, 1, 1, 1, 1, 1, 1, 1, 1, 1, 1, 1, 1, 1, 1, 1, 1, 1, 
         .word    1, 1, 1, 1, 1, 1, 1, 1, 1, 1, 1, 1, 1, 1, 1, 1, 1, 1, 1, 1, 1, 1, 1, 1, 1, 1, 1, 1, 1, 1, 1, 1, 
         .word    1, 1, 1, 1, 1, 1, 1, 1, 1, 1, 1, 1, 1, 1, 1, 1, 1, 1, 1, 1, 1, 1, 1, 1, 1, 1, 1, 1, 1, 1, 1, 1, 
         .word    1, 1, 1, 1, 1, 1, 1, 1, 1, 1, 1, 1, 1, 1, 1, 1, 1, 1, 1, 1, 1, 1, 1, 1, 1, 1, 1, 1, 1, 1, 1, 1, 
         .word    1, 1, 1, 1, 1, 1, 1, 1, 1, 1, 1, 1, 1, 1, 1, 1, 1, 1, 1, 1, 1, 1, 1, 1, 1, 1, 1, 1, 1, 1, 1, 1, 
         .word    1, 1, 1, 1, 1, 1, 1, 1, 1, 1, 1, 1, 1, 1, 1, 1, 1, 1, 1, 1, 1, 1, 1, 1, 1, 1, 1, 1, 1, 1, 1, 1, 
         .word    1, 1, 1, 1, 1, 1, 1, 1, 1, 1, 1, 1, 1, 1, 1, 1, 1, 1, 1, 1, 1, 1, 1, 1, 1, 1, 1, 1, 1, 1, 1, 1
                  
window13:   .word    10, 10, 10, 10, 
            .word    10, 10, 10, 10, 
            .word    10, 10, 10, 10, 
            .word    10, 10, 10, 10

######################################################################       
# test 14 For the 4X4 frame and a 4X4 window size
# use this test case for validation and debugging purpose. 
# The result should be 0, 0
asize14: .word    4, 4, 4, 4    #i, j, k, l
frame14: .word    9, 9, 9, 9, 
         .word    9, 9, 9, 9, 
         .word    9, 9, 9, 9, 
         .word    9, 9, 9, 9
                  
window14:   .word    9, 9, 9, 9, 
            .word    9, 9, 9, 9, 
            .word    9, 9, 9, 9, 
            .word    9, 9, 9, 9


         
newline: .asciiz     "\n" 


########################################################################################################################
### main
########################################################################################################################

.text

.globl main

main: 
    addi    $sp, $sp, -4    # Make space on stack
    sw      $ra, 0($sp)     # Save return address
         
    # Start test 1 
    ############################################################
    la      $a0, asize1     # 1st parameter: address of asize1[0]
    la      $a1, frame1     # 2nd parameter: address of frame1[0]
    la      $a2, window1    # 3rd parameter: address of window1[0] 
   
    jal     vbsme           # call function
    jal     print_result    # print results to console
    
    ############################################################
    # End of test 1   

   
    # Start test 2 
    ############################################################
    la      $a0, asize2     # 1st parameter: address of asize2[0]
    la      $a1, frame2     # 2nd parameter: address of frame2[0]
    la      $a2, window2    # 3rd parameter: address of window2[0] 
   
    jal     vbsme           # call function
    jal     print_result    # print results to console
    ############################################################
    # End of test 2   
                    
               
    # Start test 3
    ############################################################
    la      $a0, asize3     # 1st parameter: address of asize3[0]
    la      $a1, frame3     # 2nd parameter: address of frame3[0]
    la      $a2, window3    # 3rd parameter: address of window3[0] 

    jal     vbsme           # call function
    jal     print_result    # print results to console 
    ############################################################
    # End of test 3   
      
      
    # Start test 4 
    ############################################################
    la      $a0, asize4     # 1st parameter: address of asize4[0]
    la      $a1, frame4     # 2nd parameter: address of frame4[0]
    la      $a2, window4    # 3rd parameter: address of window4[0] 

    jal     vbsme           # call function
    jal     print_result    # print results to console
    ############################################################
    # End of test 4   
   
   
    # Start test 5
    ############################################################
    la      $a0, asize5     # 1st parameter: address of asize5[0]
    la      $a1, frame5     # 2nd parameter: address of frame5[0]
    la      $a2, window5    # 3rd parameter: address of window5[0] 

    jal     vbsme           # call function
    jal     print_result    # print results to console
    ############################################################
    # End of test 5

   
    # Start test 6 
    ############################################################
    la      $a0, asize6     # 1st parameter: address of asize6[0]
    la      $a1, frame6     # 2nd parameter: address of frame6[0]
    la      $a2, window6    # 3rd parameter: address of window6[0] 

    jal     vbsme           # call function
    jal     print_result    # print results to console
    ############################################################
    # End of test 6
   

    # Start test 7
    ############################################################
    la      $a0, asize7     # 1st parameter: address of asize7[0]
    la      $a1, frame7     # 2nd parameter: address of frame7[0]
    la      $a2, window7    # 3rd parameter: address of window7[0] 

    jal     vbsme           # call function
    jal     print_result    # print results to console
    ############################################################
    # End of test 7   
   

    # Start test 8 
    ############################################################
    la      $a0, asize8     # 1st parameter: address of asize8[0]
    la      $a1, frame8     # 2nd parameter: address of frame8[0]
    la      $a2, window8    # 3rd parameter: address of window8[0] 

    jal     vbsme           # call function
    jal     print_result    # print results to console
    ############################################################
    # End of test 8   
   
   
    # Start test 9 
    ############################################################
    la      $a0, asize9     # 1st parameter: address of asize9[0]
    la      $a1, frame9     # 2nd parameter: address of frame9[0]
    la      $a2, window9    # 3rd parameter: address of window9[0] 

    jal     vbsme           # call function
    jal     print_result    # print results to console
    ############################################################
    # End of test 9      
   
   
    # Start test 10 
    ############################################################
    la      $a0, asize10        # 1st parameter: address of asize10[0]
    la      $a1, frame10        # 2nd parameter: address of frame10[0]
    la      $a2, window10       # 3rd parameter: address of window10[0]   

    jal     vbsme               # call function
    jal     print_result        # print results to console
    ############################################################
    # End of test 10  
   
   
    # Start test 11
    ############################################################
    la      $a0, asize11     # 1st parameter: address of asize11[0]
    la      $a1, frame11     # 2nd parameter: address of frame11[0]
    la      $a2, window11    # 3rd parameter: address of window11[0]   

    jal     vbsme           # call function
    jal     print_result    # print results to console
    ############################################################
    # End of test 11  
   

    # Start test 12
    ############################################################
    la      $a0, asize12     # 1st parameter: address of asize12[0]
    la      $a1, frame12     # 2nd parameter: address of frame12[0]
    la      $a2, window12    # 3rd parameter: address of window12[0]   

    jal     vbsme           # call function
    jal     print_result    # print results to console
    ############################################################
    # End of test 12  
   

    # Start test 13
    ############################################################
    la      $a0, asize13     # 1st parameter: address of asize13[0]
    la      $a1, frame13     # 2nd parameter: address of frame13[0]
    la      $a2, window13    # 3rd parameter: address of window13[0]   

    jal     vbsme           # call function
    jal     print_result    # print results to console
    ############################################################
    # End of test 13  
   
   
    # Start test 14
    ############################################################
    la      $a0, asize14     # 1st parameter: address of asize14[0]
    la      $a1, frame14     # 2nd parameter: address of frame14[0]
    la      $a2, window14    # 3rd parameter: address of window14[0]   

    jal     vbsme           # call function
    jal     print_result    # print results to console
    ############################################################
    # End of test 14     
   
    lw      $ra, 0($sp)         # Restore return address
    addi    $sp, $sp, 4         # Restore stack pointer
    jr      $ra                 # Return

################### Print Result ####################################
print_result:
    # Printing $v0
    add     $a0, $v0, $zero     # Load $v0 for printing
    li      $v0, 1              # Load the system call numbers
    syscall
   
    # Print newline.
    la      $a0, newline          # Load value for printing
    li      $v0, 4                # Load the system call numbers
    syscall
   
    # Printing $v1
    add     $a0, $v1, $zero      # Load $v1 for printing
    li      $v0, 1                # Load the system call numbers
    syscall

    # Print newline.
    la      $a0, newline          # Load value for printing
    li      $v0, 4                # Load the system call numbers
    syscall
   
    # Print newline.
    la      $a0, newline          # Load value for printing
    li      $v0, 4                # Load the system call numbers
    syscall
   
    jr      $ra                   #function return

#####################################################################
### vbsme
#####################################################################


# vbsme.s 
# motion estimation is a routine in h.264 video codec that 
# takes about 80% of the execution time of the whole code
# given a frame(2d array, x and y dimensions can be any integer 
# between 16 and 64) where "frame data" is stored under "frame"  
# and a window (2d array of size 4x4, 4x8, 8x4, 8x8, 8x16, 16x8 
# or 16x16) where "window data" is stored under "window" 
# and size of "window" and "frame" arrays are stored under 
# "asize"

# - initially current sum of difference is set to a very large value
# - move "window" over the "frame" one cell at a time starting with location (0,0)
# - moves are based on the defined search pattern 
# - for each move, function calculates  the sum of absolute difference (SAD) 
#   between the window and the overlapping block on the frame.
# - if the calculated sum of difference is LESS THAN OR EQUAL to the current sum of difference
#   then the current sum of difference is updated and the coordinate of the top left corner 
#   for that matching block in the frame is recorded. 

# for example SAD of two 4x4 arrays "window" and "block" shown below is 3  
# window         block
# -------       --------
# 1 2 2 3       1 4 2 3  
# 0 0 3 2       0 0 3 2
# 0 0 0 0       0 0 0 0 
# 1 0 0 5       1 0 0 4

# program keeps track of the window position that results 
# with the minimum sum of absolute difference. 
# after scannig the whole frame
# program returns the coordinates of the block with the minimum SAD
# in $v0 (row) and $v1 (col) 


# Sample Inputs and Output shown below:
# Frame:
#
#  0   1   2   3   0   0   0   0   0   0   0   0   0   0   0   0 
#  1   2   3   4   4   5   6   7   8   9  10  11  12  13  14  15 
#  2   3  32   1   2   3  12  14  16  18  20  22  24  26  28  30 
#  3   4   1   2   3   4  18  21  24  27  30  33  36  39  42  45 
#  0   4   2   3   4   5  24  28  32  36  40  44  48  52  56  60 
#  0   5   3   4   5   6  30  35  40  45  50  55  60  65  70  75 
#  0   6  12  18  24  30  36  42  48  54  60  66  72  78  84  90 
#  0   7  14  21  28  35  42  49  56  63  70  77  84  91  98 105 
#  0   8  16  24  32  40  48  56  64  72  80  88  96 104 112 120 
#  0   9  18  27  36  45  54  63  72  81  90  99 108 117 126 135 
#  0  10  20  30  40  50  60  70  80  90 100 110 120 130 140 150 
#  0  11  22  33  44  55  66  77  88  99 110 121 132 143 154 165 
#  0  12  24  36  48  60  72  84  96 108 120 132   0   1   2   3 
#  0  13  26  39  52  65  78  91 104 117 130 143   1   2   3   4 
#  0  14  28  42  56  70  84  98 112 126 140 154   2   3   4   5 
#  0  15  30  45  60  75  90 105 120 135 150 165   3   4   5   6 

# Window:
#  0   1   2   3 
#  1   2   3   4 
#  2   3   4   5 
#  3   4   5   6 

# cord x = 12, cord y = 12 returned in $v0 and $v1 registers

.text
.globl  vbsme

# Your program must follow the required search pattern.  

# Preconditions:
#   1st parameter (a0) address of the first element of the dimension info (address of asize[0])
#   2nd parameter (a1) address of the first element of the frame array (address of frame[0][0])
#   3rd parameter (a2) address of the first element of the window array (address of window[0][0])
# Postconditions:	
#   result (v0) x coordinate of the block in the frame with the minimum SAD
#          (v1) y coordinate of the block in the frame with the minimum SAD

# Begin subroutine
vbsme:  
    li      $v0, 0              # reset $v0 and $V1
    li      $v1, 0

    # insert your code here
    addi    $sp, $sp, -4        # create space on the stack pointer
    sw      $ra, 0($sp)         # store the return address

    # define variables

    lw      $s0, 0($a0)         # frame row in $s0
    lw      $s1, 4($a0)         # frame column in $s1
    lw      $s2, 8($a0)         # window row in $s2
    lw      $s3, 12($a0)        # window column in $s3

    # set variables

    add		$s4, $zero, $zero   # top (0 in $s4)
    sub     $s6, $s0, $s2       # bottom (frame row - window row in $s5)
    #add     $s6, $zero, $zero   # left (0 in $s6)
    sub     $s7, $s1, $s3       # right (frame column - window column in $s7)

    li      $t0, 255            # (window row * window column * 255)
    li      $t1, 0              # direction is set to 0

    mult    $t0, $s2            # mininum sum starts at maximum possible value 
    mflo    $t0                 # move from LO
    mult    $t0, $s3            # minimum sum satrts at maximum possible value
    mflo    $t0                 # move from LO
	


# jumpBack
jal start

jumpBack:

right:
   
rightLoop:
    add     $t3, $t3, $zero     # $t3 = x
    addi     $t4, $t4, 1     # $t4 = y
    add         $s4, $t3, $zero #set s4 as t3
    add         $s5, $t4, $zero #set s5 as t4


#check if done
addi $t4, $t4, 1
addi $t3, $t3, 1
blt $t4, $s1, keepGoing     #checks sizes
beq $t3, $s0, exit
keepGoing:
addi $t4, $t4, -1
addi $t3, $t3, -1


jal     sad                 # jump and link sad
 
    bgt     $t9, $t0, rightSkip #if new sad is bigger than old/out of bounds skip $v
    bgt     $s5, $s7, rightSkip # 
    bgt     $s4, $s7, rightSkip #
    
    
    add     $t0, $t9, $zero     # minSum is tempSum
    add     $v0, $s4, $zero     # row value
    add     $v1, $s5, $zero     # column value

rightSkip:

exitRight:
    add     $t3, $s4, $zero
    add     $t4, $s5, $zero 
    addi    $s0, $s0, -1
    bge     $s4, $s0, goToUpLoop #go up if at bottom
    addi    $s0, $s0, 1
    j       left

goToUpLoop:
add         $t3, $s4, $zero     #restore t3 and t4 to pre sad values
add         $t4, $s5, $zero
addi        $s0, $s0, 1
j       upLoop




leftLoop2:
addi $s1, $s1, 1 #restore s1

left:
leftLoop:

    add     $t3, $zero, $t3     # why did I keep this line in here?
    addi     $t3, $t3, 1     # row goes down 1
    add     $t4, $zero, $t4   
    addi     $t4, $t4, -1     # columns go left 1
    add         $s4, $t3, $zero
    add         $s5, $t4, $zero

    blt     $t4, 0, leftExit2   #go down if at left wall
    bge     $t3, $s1, rightBottom   #go right if at floor

    jal     sad                 # jump and link sad


    bgt     $t9, $t0, leftSkip  #if new sad is bigger than old/out of bounds skip $v
    bgt     $s4, $s7, leftSkip # 
    bgt     $s5, $s7, leftSkip #
    bgt     $s4, $s6, upPass # ok
    add     $t0, $t9, $zero     # minSum is tempSum
    add     $v0, $s4, $zero     # row value
    add     $v1, $s5, $zero     # column value
leftSkip:
   add         $t3, $s4, $zero      #reset t3 and t4 to values before sad
    add         $t4, $s5, $zero
    j       leftLoop            
leftExit:
j       down    #go down
leftExit2:
j leftExit  #why would I put this here?

rightBottom:
    addi     $t3, $t3, -1     # makes these variables work correctly
     addi     $t4, $t4, 1     # 
     j right



# instructions for down
down:
downLoop:
    add     $t3, $t3, $zero     # why
    addi     $t4, $t4, 1    # go 1 row down
    bge        $t3, $s0, right3 #if frame is bigger than bottom row size exit to the right
    add         $s4, $t3, $zero #make s4 and s5 into t3 and t4 respectively
    add         $s5, $t4, $zero
    jal     sad                 # jump and link sad
    
    add         $t3, $s4, $zero     #reset t3 and t4
    add         $t4, $s5, $zero


    bgt     $t9, $t0, downSkip  #if new sad is bigger than old/out of bounds skip $v
    bgt     $s5, $s3, downSkip2  #
    bgt     $s5, $s7, downSkip #
    bgt     $s4, $s6, downSkip #
    add     $t0, $t9, $zero     # minSum is tempSum
    add     $v0, $s4, $zero     # row value
    add     $v1, $s5, $zero     # column value
downSkip:
j downExit
#why did I make the same loop twice again?
downExit2:
j downExit
    #only need to go down once  

downSkip2:
add         $t3, $s4, $zero     #reset t3 and t4
add        $t4, $s5, $zero
j left

right3:
addi $t3, $t3, -1       #make code work properly
j right    


downExit:
add         $t3, $s4, $zero #reset t3 and t4
    add         $t4, $s5, $zero

    addi $s1, $s1, -1       #check if at right wall then go left
    bge $s5, $s1, leftLoop2
    addi $s1, $s1, 1
    j       up


# instructions for up

up:
upLoop:

    add     $t3, $zero, $t3     # $t3 = row
    addi     $t3, $t3, -1     # $t3 = row
    add     $t4, $zero, $t4     # $t4 = column
    addi     $t4, $t4, 1     # $t3 = column
    add         $s4, $t3, $zero
    add         $s5, $t4, $zero
    blt       $t3, $zero, upExit    #if above ceiling exit up
    bge        $t4, $s0, downCheck #if frame is bigger than bottom row size exit

    jal     sad                 # jump and link sad



    bgt     $t9, $t0, upPass    #if new sad is bigger than old/out of bounds skip $v
    bgt     $s4, $s6, upPass # 
    bgt     $s5, $s7, upPass # 
    add     $t0, $t9, $zero     # minSum is tempSum
    add     $v0, $s4, $zero     # $v0 = row
    add     $v1, $s5, $zero     # $v1 = column
    
upPass:
    add         $t3, $s4, $zero     #restore t3 and t4
    add         $t4, $s5, $zero
    j       upLoop    

upExit:
    addi     $t3, $t3, 1     # restore t3 and t4 to what they were before uploop
    addi     $t4, $t4, -1     #
    j       jumpBack

downCheck:
addi     $t3, $t3, 2     # make them what they need to be
addi     $t4, $t4, -2     #
j downLoop



start:
#only come here once at the start

    add     $t2, $zero, $zero     # set t2 to 0
startLoop:
    add     $t3, $zero, $zero     # initialize things
    add     $t4, $zero, $zero     #
    
    jal     sad                 # jump and link sad
    add     $t3, $zero, $zero     #
    add     $t4, $zero, $zero     # 
    
    bge     $t9, $t0, startSkip # if tempSum >= minSum then branch?
    add     $t0, $t9, $zero     # minSum is tempSum
    add     $v0, $s4, $zero     # $v0 = row
    add     $v1, $t2, $zero     # $v1 = column
startSkip:
    addi    $t2, $t2, 1         # increment i by 1 (i = i + 1)

exitStart:

    add     $t3, $zero, $zero     # $t3 = row
    add     $t4, $zero, $zero     # $t4 = column
    j       right


# exit
exit:
    lw      $ra, 0($sp)         # restore the original return address
    addi    $sp, $sp, 4         # restore the stack pointer
    jr      $ra                 # return

    


# sum of absolute differences function
# return will be stored in $t9

sad:
    sll     $t3, $t3, 2         # multiply y by 4 (byte index)
    sll     $t4, $t4, 2         # multiply x by 4 (byte index)
    li      $t1, 0              # set sum to 0
    mul     $t5, $t3, $s1       # y * frame column in $t3
    add     $t5, $t5, $t4       # y * frame row + x in $t5
    add     $t5, $t5, $a1       # desired index of frame in $t5
    add     $t6, $a2, $zero     # desired index of window in $t6
    li      $t3, 0              # i = 0 


# i loop
iLoop:
    slt     $t7, $t3, $s2       # $t7 = i < window row
    beq     $t7, $zero, exitiLoop   # if i >= window column, exit iLoop
    li      $t4, 0              # j = 0


# j loop

jLoop:
    slt     $t7, $t4, $s3       # $t7 = j < windowLength
    beq     $t7, $zero, exitjLoop   # if j >= windowLength, exit jLoop
    lw      $t8, 0($t5)         # $t8 is frame pixel
    lw      $t9, 0($t6)         # $t9 is window pixel
    bge     $t8, $t9, absValue
    sub     $t8, $t9, $t8
    j       endAbs

 
# absValue
absValue:
    sub     $t8, $t8, $t9       # $t8 is frame pixel - window pixel
endAbs:
    add     $t1, $t1, $t8       # add the absolute difference to sum
    addi    $t5, $t5, 4         # increment frame index
    addi    $t6, $t6, 4         # increment window index
    addi    $t4, $t4, 1         # increment j
    j       jLoop               # return to start for jLoop 



# exit j loop

exitjLoop:
    sub     $t7, $s1, $s3       # $t7 = frameLength - windowLength
    sll     $t7, $t7, 2         # multiply $t7 by 4 (byte index)
    add     $t5, $t5, $t7       # increment frame index
    addi    $t3, $t3, 1         # increment i
    j       iLoop               # return to start for iLoop



# exit i loop

exitiLoop:
    add     $t9, $t1, $zero     # store sum value in $t9
    jr      $ra  
